++++++++++++++++++++++++++++++++++++++++++++++++++++++++++++
ASCII Report
++++++++++++++++++++++++++++++++++++++++++++++++++++++++++++

NAME: AOT-SL-130_1-0-Centroid
TYPE: MSD
------------------------------
Integrated Chromatogram Area: 30827695828.59
Integrated Background Area: 32672095663.0738
Integrated Peak Area: 2307027.48884


PEAK LIST OVERVIEW
------------------------------
[#]	RT (Min)	RI	Start RT (Min)	Stop RT (Min)	Tailing	Width (at 50% peak height by inflection points)	Integrated Area	S/N	Leading	Tailing	Scan #	Purity	Integrator	Detector	Model	m/z ...
[1]	2.50035	0.0	2.45037	2.55865	1.5442	0.02558	66446.24482	117.65611	0.64758	1.5442	108	1.0	PeakMax Integrator: XIC = 29 32 39 41 42 43 44 53 54 55 56 57 58 60 67 69 70 71 72 73 81 82 83 84 85 86 87 95 96 98 99 100 110 112 197	Peak Detector First Derivative		41.031 56.052 55.045 42.038 39.015 ...
[2]	2.82518	0.0	2.75022	2.9168	0.65287	0.0355	882791.9641	844.63812	1.5317	0.65287	147	1.0	PeakMax Integrator: XIC = 29 32 39 41 42 43 44 53 54 55 56 57 58 60 67 69 70 71 72 73 81 82 83 84 85 86 87 95 96 98 99 100 110 112 197	Peak Detector First Derivative		43.015 61.021 45.027 70.033 42.004 ...
[3]	2.96678	0.0	2.92513	3.01675	1.38218	0.03072	22733.55337	33.83721	0.72349	1.38218	164	1.0	PeakMax Integrator: XIC = 29 32 39 41 42 43 44 53 54 55 56 57 58 60 67 69 70 71 72 73 81 82 83 84 85 86 87 95 96 98 99 100 110 112 197	Peak Detector First Derivative		56.053 41.031 69.059 55.045 39.016 ...
[4]	3.34992	0.0	3.30827	3.45818	1.64902	0.03613	25756.39097	29.10294	0.60642	1.64902	210	1.0	PeakMax Integrator: XIC = 29 32 39 41 42 43 44 53 54 55 56 57 58 60 67 69 70 71 72 73 81 82 83 84 85 86 87 95 96 98 99 100 110 112 197	Peak Detector First Derivative		67.044 82.065 39.016 54.037 41.031 ...
[5]	3.54147	0.0	3.50815	3.56647	2.95192	0.05708	7587.19032	9.43792	0.33876	2.95192	233	1.0	PeakMax Integrator: XIC = 29 32 39 41 42 43 44 53 54 55 56 57 58 60 67 69 70 71 72 73 81 82 83 84 85 86 87 95 96 98 99 100 110 112 197	Peak Detector First Derivative		56.053 84.081 41.031 55.045 69.059 ...
[6]	3.81633	0.0	3.75803	3.94127	1.81051	0.06292	32600.37506	47.70989	0.55233	1.81051	266	1.0	PeakMax Integrator: XIC = 29 32 39 41 42 43 44 53 54 55 56 57 58 60 67 69 70 71 72 73 81 82 83 84 85 86 87 95 96 98 99 100 110 112 197	Peak Detector First Derivative		43.047 71.075 70.067 41.031 57.061 ...
[7]	4.10785	0.0	4.01623	4.1495	1.05706	0.0414	3826.76559	5.93768	0.94602	1.05706	301	1.0	PeakMax Integrator: XIC = 29 32 39 41 42 43 44 53 54 55 56 57 58 60 67 69 70 71 72 73 81 82 83 84 85 86 87 95 96 98 99 100 110 112 197	Peak Detector First Derivative		70.067 43.047 71.074 41.031 55.045 ...
[8]	4.47433	0.0	4.39103	4.49098	6.69852	0.13502	21074.03155	32.79281	0.14929	6.69852	345	1.0	PeakMax Integrator: XIC = 29 32 39 41 42 43 44 53 54 55 56 57 58 60 67 69 70 71 72 73 81 82 83 84 85 86 87 95 96 98 99 100 110 112 197	Peak Detector First Derivative		43.047 71.075 41.032 57.061 56.053 ...
[9]	7.86425	0.0	7.80595	7.93088	1.09264	0.03263	11988.75018	18.87056	0.91522	1.09264	752	1.0	PeakMax Integrator: XIC = 29 32 39 41 42 43 44 53 54 55 56 57 58 60 67 69 70 71 72 73 81 82 83 84 85 86 87 95 96 98 99 100 110 112 197	Peak Detector First Derivative		43.016 56.061 73.027 41.037 43.053 ...
[10]	8.38898	0.0	8.28903	8.4806	0.28668	0.04223	420891.95607	634.84747	3.48819	0.28668	815	1.0	PeakMax Integrator: XIC = 29 32 39 41 42 43 44 53 54 55 56 57 58 60 67 69 70 71 72 73 81 82 83 84 85 86 87 95 96 98 99 100 110 112 197	Peak Detector First Derivative		55.054 41.038 43.054 70.078 56.062 ...
[11]	9.33017	0.0	9.28018	9.38013	0.87005	0.02667	8110.54744	11.1651	1.14937	0.87005	928	1.0	PeakMax Integrator: XIC = 29 32 39 41 42 43 44 53 54 55 56 57 58 60 67 69 70 71 72 73 81 82 83 84 85 86 87 95 96 98 99 100 110 112 197	Peak Detector First Derivative		68.057 69.065 67.049 41.035 39.019 ...
[12]	9.53007	0.0	9.48842	9.55505	0.9672	0.02055	8456.55833	12.39259	1.03391	0.9672	952	1.0	PeakMax Integrator: XIC = 29 32 39 41 42 43 44 53 54 55 56 57 58 60 67 69 70 71 72 73 81 82 83 84 85 86 87 95 96 98 99 100 110 112 197	Peak Detector First Derivative		69.064 41.035 68.057 56.057 55.05 ...
[13]	9.9132	0.0	9.80492	10.00482	0.3319	0.0401	261161.31991	890.70935	3.01297	0.3319	998	1.0	PeakMax Integrator: XIC = 29 32 39 41 42 43 44 53 54 55 56 57 58 60 67 69 70 71 72 73 81 82 83 84 85 86 87 95 96 98 99 100 110 112 197	Peak Detector First Derivative		112.005 77.037 114.001 51.021 50.013 ...
[14]	11.07093	0.0	11.01263	11.1459	0.7823	0.02108	438145.05174	545.05975	1.27828	0.7823	1137	1.0	PeakMax Integrator: XIC = 29 32 39 41 42 43 44 53 54 55 56 57 58 60 67 69 70 71 72 73 81 82 83 84 85 86 87 95 96 98 99 100 110 112 197	Peak Detector First Derivative		43.051 57.066 41.035 85.095 71.081 ...
[15]	12.53685	0.0	12.50353	12.59515	1.01272	0.01613	26305.80621	36.45465	0.98744	1.01272	1313	1.0	PeakMax Integrator: XIC = 29 32 39 41 42 43 44 53 54 55 56 57 58 60 67 69 70 71 72 73 81 82 83 84 85 86 87 95 96 98 99 100 110 112 197	Peak Detector First Derivative		41.035 55.049 56.057 70.071 43.05 ...
[16]	13.05325	0.0	13.0116	13.10322	1.00671	0.01662	7838.29031	10.42185	0.99333	1.00671	1375	1.0	PeakMax Integrator: XIC = 29 32 39 41 42 43 44 53 54 55 56 57 58 60 67 69 70 71 72 73 81 82 83 84 85 86 87 95 96 98 99 100 110 112 197	Peak Detector First Derivative		67.048 41.035 55.049 95.078 82.071 ...
[17]	14.9356	0.0	14.89397	14.9939	0.85578	0.01622	10156.92369	17.46253	1.16853	0.85578	1601	1.0	PeakMax Integrator: XIC = 29 32 39 41 42 43 44 53 54 55 56 57 58 60 67 69 70 71 72 73 81 82 83 84 85 86 87 95 96 98 99 100 110 112 197	Peak Detector First Derivative		41.035 55.05 43.05 56.057 69.064 ...
[18]	15.41868	0.0	15.38537	15.46033	1.0621	0.01477	5539.04833	6.39261	0.94153	1.0621	1659	1.0	PeakMax Integrator: XIC = 29 32 39 41 42 43 44 53 54 55 56 57 58 60 67 69 70 71 72 73 81 82 83 84 85 86 87 95 96 98 99 100 110 112 197	Peak Detector First Derivative		67.049 41.035 82.071 55.05 69.064 ...
[19]	16.87628	0.0	16.84297	16.91792	1.00454	0.01638	12544.86156	24.86793	0.99549	1.00454	1834	1.0	PeakMax Integrator: XIC = 29 32 39 41 42 43 44 53 54 55 56 57 58 60 67 69 70 71 72 73 81 82 83 84 85 86 87 95 96 98 99 100 110 112 197	Peak Detector First Derivative		41.035 55.05 43.051 69.065 57.065 ...
[20]	17.96738	0.0	17.93407	18.06733	1.08177	0.0257	3250.99229	5.26772	0.92441	1.08177	1965	1.0	PeakMax Integrator: XIC = 29 32 39 41 42 43 44 53 54 55 56 57 58 60 67 69 70 71 72 73 81 82 83 84 85 86 87 95 96 98 99 100 110 112 197	Peak Detector First Derivative		84.959 57.066 100.929 43.051 55.05 ...
[21]	18.8919	0.0	18.85025	18.9502	0.94435	0.02168	17760.9484	37.65408	1.05893	0.94435	2076	1.0	PeakMax Integrator: XIC = 29 32 39 41 42 43 44 53 54 55 56 57 58 60 67 69 70 71 72 73 81 82 83 84 85 86 87 95 96 98 99 100 110 112 197	Peak Detector First Derivative		55.05 43.051 41.035 57.066 83.08 ...
[22]	22.39843	0.0	22.34012	22.47338	1.20654	0.03562	12059.91858	20.21617	0.82882	1.20654	2497	1.0	PeakMax Integrator: XIC = 29 32 39 41 42 43 44 53 54 55 56 57 58 60 67 69 70 71 72 73 81 82 83 84 85 86 87 95 96 98 99 100 110 112 197	Peak Detector First Derivative		55.051 43.052 57.067 41.036 83.081 ...


PEAK INTEGRATION RESULTS
------------------------------
[#]	m/z (0 = TIC or SUM XIC))	Integrated Area
[1]	67.0	526.05242
[1]	197.0	1010.12339
[1]	69.0	1111.22158
[1]	70.0	957.86098
[1]	71.0	627.15044
[1]	72.0	357.2701
[1]	73.0	324.71312
[1]	81.0	344.4187
[1]	82.0	637.43161
[1]	83.0	317.85904
[1]	84.0	9434.6731
[1]	85.0	3692.64809
[1]	86.0	1415.37229
[1]	87.0	233.0395
[1]	29.0	0.0
[1]	95.0	287.01559
[1]	32.0	0.0
[1]	96.0	228.75569
[1]	98.0	418.95702
[1]	99.0	197.91223
[1]	100.0	536.33356
[1]	39.0	11101.07556
[1]	41.0	4154.44323
[1]	42.0	2613.12672
[1]	43.0	2115.34762
[1]	44.0	1960.27356
[1]	110.0	191.05811
[1]	112.0	337.56455
[1]	53.0	486.6413
[1]	54.0	401.8218
[1]	55.0	5819.13379
[1]	56.0	7227.65156
[1]	57.0	666.5616
[1]	58.0	5911.66379
[1]	60.0	801.07318
[2]	67.0	397.56911
[2]	197.0	449.34102
[2]	69.0	1306.01945
[2]	70.0	30874.61352
[2]	71.0	19402.74106
[2]	72.0	20678.47587
[2]	73.0	12508.2858
[2]	81.0	941.66251
[2]	82.0	643.72991
[2]	83.0	1205.40617
[2]	84.0	548.00065
[2]	85.0	492.32143
[2]	86.0	416.12882
[2]	87.0	2075.76009
[2]	29.0	0.0
[2]	95.0	325.28381
[2]	32.0	0.0
[2]	96.0	383.89353
[2]	98.0	636.89202
[2]	99.0	255.92901
[2]	100.0	572.42138
[2]	39.0	397.56911
[2]	41.0	4898.79391
[2]	42.0	16435.13719
[2]	43.0	455963.90183
[2]	44.0	304342.5849
[2]	110.0	1052.04417
[2]	112.0	503.06654
[2]	53.0	405.38373
[2]	54.0	438.59593
[2]	55.0	416.12882
[2]	56.0	343.84359
[2]	57.0	1153.63423
[2]	58.0	1258.15479
[2]	60.0	1068.65021
[3]	67.0	172.7916
[3]	197.0	454.58434
[3]	69.0	782.20709
[3]	70.0	235.96273
[3]	71.0	339.38995
[3]	72.0	339.38995
[3]	73.0	234.7241
[3]	81.0	642.23971
[3]	82.0	358.58902
[3]	83.0	582.16524
[3]	84.0	386.45864
[3]	85.0	341.24794
[3]	86.0	263.83236
[3]	87.0	611.89284
[3]	29.0	0.0
[3]	95.0	635.42712
[3]	32.0	0.0
[3]	96.0	492.98252
[3]	98.0	294.79855
[3]	99.0	530.76134
[3]	100.0	666.39343
[3]	39.0	558.01164
[3]	41.0	771.05932
[3]	42.0	217.383
[3]	43.0	355.49237
[3]	44.0	474.40272
[3]	110.0	873.86719
[3]	112.0	443.43653
[3]	53.0	373.45284
[3]	54.0	221.71827
[3]	55.0	579.06862
[3]	56.0	6974.83532
[3]	57.0	267.54828
[3]	58.0	1794.80319
[3]	60.0	462.6356
[4]	67.0	8851.9266
[4]	197.0	285.62169
[4]	69.0	514.94015
[4]	70.0	689.12838
[4]	71.0	175.94766
[4]	72.0	560.68653
[4]	73.0	707.89606
[4]	81.0	340.16547
[4]	82.0	3235.67726
[4]	83.0	712.00154
[4]	84.0	574.17585
[4]	85.0	177.12065
[4]	86.0	397.64171
[4]	87.0	255.71058
[4]	29.0	0.0
[4]	95.0	164.80432
[4]	32.0	0.0
[4]	96.0	256.8836
[4]	98.0	507.31575
[4]	99.0	308.49491
[4]	100.0	233.42391
[4]	39.0	1133.68944
[4]	41.0	856.86513
[4]	42.0	251.01866
[4]	43.0	277.41082
[4]	44.0	365.97114
[4]	110.0	300.28398
[4]	112.0	282.68924
[4]	53.0	316.70581
[4]	54.0	280.92973
[4]	55.0	658.63073
[4]	56.0	524.91049
[4]	57.0	313.7733
[4]	58.0	697.92568
[4]	60.0	546.0242
[5]	67.0	317.84043
[5]	197.0	189.09086
[5]	69.0	215.87338
[5]	70.0	130.36298
[5]	71.0	103.5805
[5]	72.0	130.68567
[5]	73.0	253.627
[5]	81.0	219.74553
[5]	82.0	129.07226
[5]	83.0	124.87741
[5]	84.0	1087.11109
[5]	85.0	301.70645
[5]	86.0	104.54853
[5]	87.0	237.49295
[5]	29.0	0.0
[5]	95.0	133.5898
[5]	32.0	0.0
[5]	96.0	192.64035
[5]	98.0	70.66706
[5]	99.0	148.75579
[5]	100.0	189.41354
[5]	39.0	144.88362
[5]	41.0	190.05891
[5]	42.0	325.58479
[5]	43.0	203.93418
[5]	44.0	136.81659
[5]	110.0	290.41259
[5]	112.0	148.75579
[5]	53.0	201.9981
[5]	54.0	307.83736
[5]	55.0	201.35274
[5]	56.0	269.76102
[5]	57.0	348.49513
[5]	58.0	192.31767
[5]	60.0	344.30026
[6]	67.0	379.6373
[6]	197.0	398.15621
[6]	69.0	666.68014
[6]	70.0	1530.65777
[6]	71.0	2655.32463
[6]	72.0	537.0479
[6]	73.0	247.86825
[6]	81.0	391.74582
[6]	82.0	309.83533
[6]	83.0	529.92524
[6]	84.0	395.30715
[6]	85.0	415.96283
[6]	86.0	421.66092
[6]	87.0	304.13721
[6]	29.0	0.0
[6]	95.0	701.58115
[6]	32.0	0.0
[6]	96.0	257.83998
[6]	98.0	501.43462
[6]	99.0	322.65609
[6]	100.0	941.61448
[6]	39.0	1258.5724
[6]	41.0	6139.72561
[6]	42.0	294.87778
[6]	43.0	238.60879
[6]	44.0	3089.09399
[6]	110.0	698.73211
[6]	112.0	266.38713
[6]	53.0	403.85431
[6]	54.0	335.47686
[6]	55.0	336.18916
[6]	56.0	3547.08028
[6]	57.0	2383.23915
[6]	58.0	1299.88375
[6]	60.0	399.58073
[7]	67.0	143.28051
[7]	197.0	102.56097
[7]	69.0	89.71363
[7]	70.0	122.15862
[7]	71.0	45.29232
[7]	72.0	145.24028
[7]	73.0	134.78821
[7]	81.0	88.62488
[7]	82.0	188.7906
[7]	83.0	74.90653
[7]	84.0	171.80597
[7]	85.0	128.03791
[7]	86.0	82.09233
[7]	87.0	60.09943
[7]	29.0	0.0
[7]	95.0	132.17519
[7]	32.0	0.0
[7]	96.0	86.44736
[7]	98.0	92.1089
[7]	99.0	57.92191
[7]	100.0	143.71602
[7]	39.0	250.4143
[7]	41.0	264.35037
[7]	42.0	121.7231
[7]	43.0	75.99529
[7]	44.0	92.76216
[7]	110.0	130.43316
[7]	112.0	260.21309
[7]	53.0	108.22251
[7]	54.0	67.93848
[7]	55.0	68.80949
[7]	56.0	47.25208
[7]	57.0	51.60711
[7]	58.0	92.97991
[7]	60.0	104.30299
[8]	67.0	600.52613
[8]	197.0	318.07266
[8]	69.0	267.456
[8]	70.0	519.91446
[8]	71.0	3401.94021
[8]	72.0	596.7768
[8]	73.0	646.14365
[8]	81.0	256.20785
[8]	82.0	311.82367
[8]	83.0	346.81796
[8]	84.0	266.20622
[8]	85.0	383.68687
[8]	86.0	263.70661
[8]	87.0	264.9564
[8]	29.0	0.0
[8]	95.0	361.81545
[8]	32.0	0.0
[8]	96.0	222.4634
[8]	98.0	709.2583
[8]	99.0	228.71235
[8]	100.0	673.01427
[8]	39.0	387.4362
[8]	41.0	1369.77456
[8]	42.0	349.94237
[8]	43.0	2854.53002
[8]	44.0	1194.17838
[8]	110.0	347.4428
[8]	112.0	394.31012
[8]	53.0	344.31832
[8]	54.0	354.94157
[8]	55.0	188.71893
[8]	56.0	1560.36819
[8]	57.0	186.21935
[8]	58.0	489.9194
[8]	60.0	412.4321
[9]	67.0	236.95056
[9]	197.0	346.42171
[9]	69.0	203.77747
[9]	70.0	243.11126
[9]	71.0	354.47804
[9]	72.0	162.07418
[9]	73.0	126.5316
[9]	81.0	477.6923
[9]	82.0	132.21841
[9]	83.0	442.62362
[9]	84.0	404.2376
[9]	85.0	219.8901
[9]	86.0	342.15659
[9]	87.0	167.76099
[9]	29.0	0.0
[9]	95.0	302.34892
[9]	32.0	0.0
[9]	96.0	178.66072
[9]	98.0	210.41209
[9]	99.0	433.61953
[9]	100.0	288.13185
[9]	39.0	459.2102
[9]	41.0	484.32694
[9]	42.0	339.78709
[9]	43.0	1451.08531
[9]	44.0	1029.31319
[9]	110.0	136.00962
[9]	112.0	368.22116
[9]	53.0	261.11948
[9]	54.0	342.63049
[9]	55.0	366.32554
[9]	56.0	689.52608
[9]	57.0	366.32554
[9]	58.0	206.14696
[9]	60.0	215.62502
[10]	67.0	9461.64176
[10]	197.0	490.13013
[10]	69.0	18890.34797
[10]	70.0	33883.87806
[10]	71.0	601.52328
[10]	72.0	7908.91753
[10]	73.0	617.02145
[10]	81.0	958.95023
[10]	82.0	5079.53006
[10]	83.0	22387.12896
[10]	84.0	16591.77522
[10]	85.0	20592.24513
[10]	86.0	5094.05954
[10]	87.0	314.8069
[10]	29.0	0.0
[10]	95.0	400.04695
[10]	32.0	0.0
[10]	96.0	501.75374
[10]	98.0	1136.21069
[10]	99.0	404.89012
[10]	100.0	342.89732
[10]	39.0	11846.42485
[10]	41.0	4229.06733
[10]	42.0	11320.45549
[10]	43.0	31511.68397
[10]	44.0	28032.33954
[10]	110.0	412.6392
[10]	112.0	895.98884
[10]	53.0	14904.41121
[10]	54.0	645.11197
[10]	55.0	39960.13523
[10]	56.0	56317.49817
[10]	57.0	52187.22799
[10]	58.0	22638.97488
[10]	60.0	332.24233
[11]	67.0	305.96245
[11]	197.0	381.90794
[11]	69.0	557.41847
[11]	70.0	279.79935
[11]	71.0	128.27165
[11]	72.0	118.09714
[11]	73.0	357.56176
[11]	81.0	378.63755
[11]	82.0	309.59617
[11]	83.0	124.63789
[11]	84.0	133.3589
[11]	85.0	190.77228
[11]	86.0	468.39136
[11]	87.0	210.75796
[11]	29.0	0.0
[11]	95.0	202.03692
[11]	32.0	0.0
[11]	96.0	324.49458
[11]	98.0	215.48183
[11]	99.0	368.46305
[11]	100.0	176.60062
[11]	39.0	150.07419
[11]	41.0	242.73503
[11]	42.0	167.87963
[11]	43.0	297.96814
[11]	44.0	268.89806
[11]	110.0	356.47161
[11]	112.0	209.30446
[11]	53.0	125.72802
[11]	54.0	229.29014
[11]	55.0	200.22006
[11]	56.0	174.42038
[11]	57.0	111.193
[11]	58.0	188.95539
[11]	60.0	155.16147
[12]	67.0	363.86171
[12]	197.0	304.87697
[12]	69.0	246.62966
[12]	70.0	494.36531
[12]	71.0	266.90561
[12]	72.0	273.17273
[12]	73.0	146.72437
[12]	81.0	248.47289
[12]	82.0	171.05554
[12]	83.0	301.19048
[12]	84.0	406.62555
[12]	85.0	162.94514
[12]	86.0	103.22317
[12]	87.0	195.38673
[12]	29.0	0.0
[12]	95.0	226.7223
[12]	32.0	0.0
[12]	96.0	119.0753
[12]	98.0	416.5792
[12]	99.0	428.00752
[12]	100.0	204.97171
[12]	39.0	227.09097
[12]	41.0	703.02355
[12]	42.0	420.26579
[12]	43.0	141.56321
[12]	44.0	305.61434
[12]	110.0	145.98707
[12]	112.0	293.08009
[12]	53.0	174.00478
[12]	54.0	80.73527
[12]	55.0	268.0116
[12]	56.0	179.90324
[12]	57.0	121.28723
[12]	58.0	101.74855
[12]	60.0	213.45075
[13]	67.0	1251.27494
[13]	197.0	526.33765
[13]	69.0	393.28575
[13]	70.0	498.94462
[13]	71.0	867.77228
[13]	72.0	645.69309
[13]	73.0	2644.40638
[13]	81.0	1102.56982
[13]	82.0	2329.38654
[13]	83.0	3581.63984
[13]	84.0	631.01823
[13]	85.0	1150.50765
[13]	86.0	3737.19305
[13]	87.0	1340.30223
[13]	29.0	0.0
[13]	95.0	316.97658
[13]	32.0	0.0
[13]	96.0	327.73813
[13]	98.0	444.15861
[13]	99.0	1726.73976
[13]	100.0	1016.47746
[13]	39.0	2533.85593
[13]	41.0	2571.03237
[13]	42.0	1169.09574
[13]	43.0	676.99941
[13]	44.0	458.83341
[13]	110.0	621.235
[13]	112.0	189005.1199
[13]	53.0	14905.72768
[13]	54.0	6645.74664
[13]	55.0	8395.96665
[13]	56.0	349.26122
[13]	57.0	7209.26079
[13]	58.0	1380.41348
[13]	60.0	706.34907
[14]	67.0	994.48945
[14]	197.0	374.62324
[14]	69.0	918.21317
[14]	70.0	9990.27428
[14]	71.0	17219.15091
[14]	72.0	16616.66458
[14]	73.0	4906.7919
[14]	81.0	346.62307
[14]	82.0	481.79638
[14]	83.0	752.14304
[14]	84.0	7483.77541
[14]	85.0	15315.13837
[14]	86.0	39519.85588
[14]	87.0	18647.16283
[14]	29.0	0.0
[14]	95.0	281.93295
[14]	32.0	0.0
[14]	96.0	937.52361
[14]	98.0	2375.18875
[14]	99.0	6543.3554
[14]	100.0	223.03603
[14]	39.0	10596.62353
[14]	41.0	14365.06324
[14]	42.0	1663.59751
[14]	43.0	41211.45235
[14]	44.0	63983.33196
[14]	110.0	523.31387
[14]	112.0	497.24473
[14]	53.0	536.83127
[14]	54.0	751.17755
[14]	55.0	8883.78445
[14]	56.0	18549.64306
[14]	57.0	64272.02644
[14]	58.0	67951.63342
[14]	60.0	431.58912
[15]	67.0	272.26128
[15]	197.0	494.67188
[15]	69.0	667.87095
[15]	70.0	786.74559
[15]	71.0	591.17763
[15]	72.0	709.41315
[15]	73.0	704.30025
[15]	81.0	223.04971
[15]	82.0	196.84616
[15]	83.0	1163.18194
[15]	84.0	1032.8033
[15]	85.0	432.67808
[15]	86.0	189.17685
[15]	87.0	451.85144
[15]	29.0	0.0
[15]	95.0	345.75901
[15]	32.0	0.0
[15]	96.0	439.06922
[15]	98.0	1138.25664
[15]	99.0	331.69856
[15]	100.0	416.70033
[15]	39.0	554.10922
[15]	41.0	966.33575
[15]	42.0	651.89315
[15]	43.0	1613.11596
[15]	44.0	718.36066
[15]	110.0	453.12967
[15]	112.0	292.07373
[15]	53.0	214.74128
[15]	54.0	479.33324
[15]	55.0	3324.01581
[15]	56.0	2341.06327
[15]	57.0	1728.15604
[15]	58.0	1804.21016
[15]	60.0	577.75633
[16]	67.0	271.86224
[16]	197.0	225.10885
[16]	69.0	233.07424
[16]	70.0	135.75795
[16]	71.0	194.63257
[16]	72.0	200.86635
[16]	73.0	192.20833
[16]	81.0	215.41185
[16]	82.0	132.98739
[16]	83.0	303.72382
[16]	84.0	205.02222
[16]	85.0	243.11757
[16]	86.0	300.60692
[16]	87.0	412.81502
[16]	29.0	0.0
[16]	95.0	179.39445
[16]	32.0	0.0
[16]	96.0	546.49501
[16]	98.0	199.13476
[16]	99.0	203.63694
[16]	100.0	418.00978
[16]	39.0	139.56749
[16]	41.0	436.71118
[16]	42.0	94.54572
[16]	43.0	153.76666
[16]	44.0	162.07838
[16]	110.0	109.43753
[16]	112.0	212.29495
[16]	53.0	353.59408
[16]	54.0	389.95781
[16]	55.0	421.81939
[16]	56.0	127.44624
[16]	57.0	153.42033
[16]	58.0	132.64106
[16]	60.0	137.14324
[17]	67.0	323.84394
[17]	197.0	259.82285
[17]	69.0	436.46499
[17]	70.0	547.68416
[17]	71.0	138.32295
[17]	72.0	146.73448
[17]	73.0	234.58827
[17]	81.0	179.91331
[17]	82.0	356.08814
[17]	83.0	247.20553
[17]	84.0	190.19407
[17]	85.0	247.67285
[17]	86.0	207.95173
[17]	87.0	220.56903
[17]	29.0	0.0
[17]	95.0	263.09401
[17]	32.0	0.0
[17]	96.0	176.64214
[17]	98.0	584.13409
[17]	99.0	280.8517
[17]	100.0	309.82473
[17]	39.0	620.58403
[17]	41.0	349.07851
[17]	42.0	531.32837
[17]	43.0	254.21516
[17]	44.0	522.44956
[17]	110.0	326.18048
[17]	112.0	200.94214
[17]	53.0	245.80362
[17]	54.0	203.27865
[17]	55.0	366.83621
[17]	56.0	300.9459
[17]	57.0	280.8517
[17]	58.0	241.59788
[17]	60.0	361.22852
[18]	67.0	94.76045
[18]	197.0	362.00893
[18]	69.0	188.32142
[18]	70.0	118.75044
[18]	71.0	143.70002
[18]	72.0	103.39686
[18]	73.0	105.31605
[18]	81.0	145.61923
[18]	82.0	194.7987
[18]	83.0	211.3518
[18]	84.0	140.34142
[18]	85.0	156.41472
[18]	86.0	69.09116
[18]	87.0	317.86733
[18]	29.0	0.0
[18]	95.0	143.46013
[18]	32.0	0.0
[18]	96.0	210.15231
[18]	98.0	115.15194
[18]	99.0	157.61423
[18]	100.0	173.92741
[18]	39.0	154.49552
[18]	41.0	399.43328
[18]	42.0	261.49087
[18]	43.0	62.85377
[18]	44.0	134.58384
[18]	110.0	202.23559
[18]	112.0	186.40219
[18]	53.0	146.09903
[18]	54.0	78.92706
[18]	55.0	162.17232
[18]	56.0	115.63175
[18]	57.0	102.67716
[18]	58.0	198.87701
[18]	60.0	181.12441
[19]	67.0	376.39699
[19]	197.0	157.00255
[19]	69.0	1271.87398
[19]	70.0	608.57667
[19]	71.0	245.47629
[19]	72.0	346.73531
[19]	73.0	162.62807
[19]	81.0	154.9569
[19]	82.0	190.75553
[19]	83.0	389.69364
[19]	84.0	355.42922
[19]	85.0	253.65884
[19]	86.0	202.51793
[19]	87.0	262.35281
[19]	29.0	0.0
[19]	95.0	434.1862
[19]	32.0	0.0
[19]	96.0	492.4868
[19]	98.0	428.5607
[19]	99.0	708.30139
[19]	100.0	319.11919
[19]	39.0	375.88557
[19]	41.0	354.40639
[19]	42.0	256.21589
[19]	43.0	341.10976
[19]	44.0	364.63458
[19]	110.0	183.0844
[19]	112.0	240.36221
[19]	53.0	191.77837
[19]	54.0	291.50309
[19]	55.0	373.83996
[19]	56.0	442.36875
[19]	57.0	684.26524
[19]	58.0	682.21952
[19]	60.0	402.47883
[20]	67.0	102.60559
[20]	197.0	37.11571
[20]	69.0	106.18819
[20]	70.0	147.74631
[20]	71.0	147.02978
[20]	72.0	39.98179
[20]	73.0	85.55243
[20]	81.0	45.28403
[20]	82.0	50.01306
[20]	83.0	51.73271
[20]	84.0	200.19556
[20]	85.0	84.2627
[20]	86.0	74.80464
[20]	87.0	62.76711
[20]	29.0	0.0
[20]	95.0	74.80464
[20]	32.0	0.0
[20]	96.0	150.7557
[20]	98.0	171.24817
[20]	99.0	191.454
[20]	100.0	108.33774
[20]	39.0	47.8635
[20]	41.0	69.789
[20]	42.0	134.56237
[20]	43.0	153.62178
[20]	44.0	97.30335
[20]	110.0	78.96046
[20]	112.0	78.53054
[20]	53.0	59.90104
[20]	54.0	133.70254
[20]	55.0	231.2925
[20]	56.0	45.85725
[20]	57.0	52.44923
[20]	58.0	62.76711
[20]	60.0	72.51177
[21]	67.0	720.32766
[21]	197.0	233.72633
[21]	69.0	1157.36777
[21]	70.0	214.57765
[21]	71.0	776.08408
[21]	72.0	310.321
[21]	73.0	702.30537
[21]	81.0	492.79648
[21]	82.0	341.29676
[21]	83.0	1184.96429
[21]	84.0	607.12526
[21]	85.0	261.32295
[21]	86.0	200.49779
[21]	87.0	342.98637
[21]	29.0	0.0
[21]	95.0	216.26726
[21]	32.0	0.0
[21]	96.0	220.77283
[21]	98.0	418.45464
[21]	99.0	727.086
[21]	100.0	397.61637
[21]	39.0	552.49526
[21]	41.0	438.72967
[21]	42.0	319.89533
[21]	43.0	577.27589
[21]	44.0	448.304
[21]	110.0	481.53259
[21]	112.0	307.50497
[21]	53.0	384.09963
[21]	54.0	366.07735
[21]	55.0	289.48273
[21]	56.0	2537.19788
[21]	57.0	217.39363
[21]	58.0	975.4554
[21]	60.0	339.6072
[22]	67.0	396.67185
[22]	197.0	275.72923
[22]	69.0	436.48834
[22]	70.0	790.8551
[22]	71.0	213.01825
[22]	72.0	278.71545
[22]	73.0	212.02283
[22]	81.0	268.26362
[22]	82.0	421.55711
[22]	83.0	487.25441
[22]	84.0	558.42635
[22]	85.0	524.0846
[22]	86.0	341.92413
[22]	87.0	245.36913
[22]	29.0	0.0
[22]	95.0	298.6237
[22]	32.0	0.0
[22]	96.0	389.70396
[22]	98.0	407.62138
[22]	99.0	286.18104
[22]	100.0	348.89204
[22]	39.0	399.65804
[22]	41.0	633.08229
[22]	42.0	302.60539
[22]	43.0	360.837
[22]	44.0	464.35989
[22]	110.0	257.31411
[22]	112.0	276.22693
[22]	53.0	274.73378
[22]	54.0	364.81864
[22]	55.0	159.26598
[22]	56.0	132.38985
[22]	57.0	228.94485
[22]	58.0	585.80016
[22]	60.0	438.47913


SCAN IDENTIFICATION RESULTS
------------------------------
Scan identification results are not available.


PEAK IDENTIFICATION RESULTS
------------------------------
[#]	Name	CAS	MatchFactor	ReverseMatchFactor	Formula	Mol Weight	Probability	Advise	Identifier	Miscellaneous	Comments


BACKGROUND INTEGRATION RESULTS
------------------------------
m/z (0 = TIC or SUM XIC))	Integrated Area
TIC	32672095663.0738


CHROMATOGRAM INTEGRATION RESULTS
------------------------------
m/z (0 = TIC or SUM XIC))	Integrated Area
TIC	30827695828.59


CHROMATOGRAM IDENTIFICATION RESULTS
------------------------------
Chromatogram identification results are not available.


PEAK QUANTITATION RESULTS
------------------------------
[#]	Name	ChemicalClass	Concentration	ConcentrationUnit	Area	Description	Ion

~~~~~~~~~~~~~~~~~~~~~~~~~~~~~~~~~~~~~~~~~~~~~~~~~~~~~~~~~~~~
